Res     N+H
-----------------
22      0.0208766
23      0.0360735
24      0.0376677
!25     0
26      0.0114649
27      0.0141622
28      0.0226105
29      0.0160118
30      0.0212439
31      0.0687502
32      0.13196
33      0.0598513
34      0.0301054
35      0.0450442
36      0.0115996
37      0.0221161
38      0.0656806
39      0.0175547
40      0.032427
41      0.0427824
42      0.0384514
43      0.00927424
!44     0
45      0.0562524
46      0.0159554
47      0.0141259
48      0.00851499
49      0.094806
50      0.0206314
51      0.0963312
!52     0
53      0.139344
54      0.141069
55      0.126227
56      0.246806
57      0.780354
58      0.812198
59      1.99621
60      1.42892
61      0.803752
62      0.502752
63      0.321149
64      0.0728894
65      0.0776635
66      0.145503
67      0.19682
68      0.039257
69      0.144285
70      0.0142592
71      0.0795565
72      0.00562503
73      0.0578191
74      0.0230414
75      0.0230414
76      0.0496655
77      0.0380697
78      0.0714127
79      0.0739714
!80     0
81      0.188528
82      0.173568
83      0.17277
